{
 "cells": [
  {
   "cell_type": "code",
   "execution_count": 6,
   "id": "f35859df-4796-470a-b0b8-b6cc29382805",
   "metadata": {},
   "outputs": [],
   "source": [
    "import math\n",
    "def haversine(lat1, lon1, lat2, lon2):\n",
    "    R = 6371  # 地球半径，单位为千米\n",
    "    dLat = math.radians(lat2 - lat1)\n",
    "    dLon = math.radians(lon2 - lon1)\n",
    "    lat1 = math.radians(lat1)\n",
    "    lat2 = math.radians(lat2)\n",
    "    a = math.sin(dLat/2)**2 + math.cos(lat1) * math.cos(lat2) * math.sin(dLon/2)**2\n",
    "    c = 2 * math.atan2(math.sqrt(a), math.sqrt(1 - a))\n",
    "    return R * c"
   ]
  },
  {
   "cell_type": "code",
   "execution_count": 7,
   "id": "c32bff9d-5e15-4eac-a2ac-a4b8576ad985",
   "metadata": {},
   "outputs": [],
   "source": [
    "coordinates = {\n",
    "    \"北京\": (39.9042, 116.4074),\n",
    "    \"天津\": (39.0841, 117.2009),\n",
    "    \"河北\": (38.0230, 114.3042),\n",
    "    \"山西\": (37.52, 112.33),\n",
    "    \"内蒙古\": (40.49, 111.41),\n",
    "    \n",
    "    \"辽宁\": (41.48, 123.25),\n",
    "    \"吉林\": (43.54, 125.19),\n",
    "    \"黑龙江\": (45.45, 126.38),\n",
    "    \"上海\": (31.14, 121.29),\n",
    "    \"江苏\": (32.03, 118.47),\n",
    "    \n",
    "    \"浙江\": (30.16, 120.12),\n",
    "    \"安徽\": (31.52, 117.17),\n",
    "    \"福建\": (26.05, 119.18),\n",
    "    \"江西\": (28.40, 115.55),\n",
    "    \"山东\": (36.40, 117.02),\n",
    "    \n",
    "    \"河南\": (34.46, 113.40),\n",
    "    \"湖北\": (30.37, 114.10),\n",
    "    \"湖南\": (28.1149, 112.5933),\n",
    "    \"广东\": (23.0632, 113.1553),\n",
    "    \"广西\": (22.48, 108.19),\n",
    "    \n",
    "    \"海南\": (20.02, 110.20),\n",
    "    \"重庆\": (29.35, 106.33),\n",
    "    \"四川\": (30.57, 104.05),\n",
    "    \"贵州\": (26.35, 106.42),\n",
    "    \"云南\": (25.0211, 102.4231),\n",
    "    \n",
    "    \"西藏\": (29.36, 91.06),\n",
    "    \"陕西\": (34.16, 108.54),\n",
    "    \"甘肃\": (36.03, 103.40),\n",
    "    \"青海\": (36.38, 101.49),\n",
    "    \"宁夏\": (38.28, 106.16),\n",
    "    \n",
    "    \"新疆\": (43.46, 87.37)\n",
    "}"
   ]
  },
  {
   "cell_type": "code",
   "execution_count": 8,
   "id": "3688cb14-b795-41c3-b189-47ee8eaf7a96",
   "metadata": {},
   "outputs": [],
   "source": [
    "# 假设已经有各省份省会经纬度坐标的字典\n",
    "n = len(coordinates)\n",
    "distance_matrix = [[0 for _ in range(n)] for _ in range(n)]\n",
    "for i, province1 in enumerate(coordinates):\n",
    "    for j, province2 in enumerate(coordinates):\n",
    "        if i!= j:\n",
    "            lat1, lon1 = coordinates[province1]\n",
    "            lat2, lon2 = coordinates[province2]\n",
    "            distance_matrix[i][j] = haversine(lat1, lon1, lat2, lon2)"
   ]
  },
  {
   "cell_type": "code",
   "execution_count": 9,
   "id": "07024e5a-a089-45d8-a4bc-440ed08b25cc",
   "metadata": {
    "scrolled": true
   },
   "outputs": [
    {
     "data": {
      "text/plain": [
       "[[0,\n",
       "  113.80501006296645,\n",
       "  277.1498706703468,\n",
       "  442.00462316113624,\n",
       "  429.3565029787379,\n",
       "  602.731451044006,\n",
       "  832.8728473984797,\n",
       "  1020.9268018150086,\n",
       "  1069.5653239604526,\n",
       "  894.9527281154762,\n",
       "  1134.7043236409115,\n",
       "  934.8079540558314,\n",
       "  1561.837633649384,\n",
       "  1281.619953122779,\n",
       "  393.3107227738675,\n",
       "  661.2884392440423,\n",
       "  1080.6001296488946,\n",
       "  1356.8469453632324,\n",
       "  1897.4689904747074,\n",
       "  2086.763451422624,\n",
       "  2288.865887714165,\n",
       "  1490.2754307520847,\n",
       "  1525.8598379419798,\n",
       "  1768.2269236508714,\n",
       "  2106.21364177355,\n",
       "  2585.9741606641915,\n",
       "  945.6727346837374,\n",
       "  1217.4747106692964,\n",
       "  1360.2395377130836,\n",
       "  902.0781445759332,\n",
       "  2430.9206436906957],\n",
       " [113.80501006296645,\n",
       "  0,\n",
       "  278.1350010710622,\n",
       "  459.16390608210617,\n",
       "  518.794531194803,\n",
       "  577.9737230343345,\n",
       "  830.4642066898779,\n",
       "  1033.9068194208267,\n",
       "  958.1598297936636,\n",
       "  792.7104313185918,\n",
       "  1027.4629964931619,\n",
       "  841.0942019320173,\n",
       "  1461.0304758488774,\n",
       "  1197.7182212473645,\n",
       "  298.88166124208476,\n",
       "  615.4743772424517,\n",
       "  1009.362964107452,\n",
       "  1291.7040014607269,\n",
       "  1822.0723869218775,\n",
       "  2034.3619844878785,\n",
       "  2223.460394411054,\n",
       "  1471.0475360680223,\n",
       "  1525.9833185373084,\n",
       "  1735.4961888818657,\n",
       "  2088.2126737929634,\n",
       "  2623.0746828965866,\n",
       "  946.4848532067585,\n",
       "  1261.6110320461842,\n",
       "  1412.0455993724213,\n",
       "  961.9296704906571,\n",
       "  2525.91304547092],\n",
       " [277.1498706703468,\n",
       "  278.1350010710622,\n",
       "  0,\n",
       "  182.30933937405734,\n",
       "  370.55762794271243,\n",
       "  855.3404508256024,\n",
       "  1101.4687263891128,\n",
       "  1295.9904171863618,\n",
       "  996.7071113591757,\n",
       "  766.561300165703,\n",
       "  1024.7496375591575,\n",
       "  768.90051033804,\n",
       "  1407.8269817720554,\n",
       "  1076.2535498112977,\n",
       "  300.6590733561565,\n",
       "  404.39421094896716,\n",
       "  851.1812494544364,\n",
       "  1113.1406818221026,\n",
       "  1667.0462673644324,\n",
       "  1824.1603209398122,\n",
       "  2040.6067273112758,\n",
       "  1213.1394416903331,\n",
       "  1253.1376258365683,\n",
       "  1493.5924472893796,\n",
       "  1829.0914450608418,\n",
       "  2347.8245980089773,\n",
       "  672.6263424473244,\n",
       "  992.3985725687161,\n",
       "  1148.5814330772128,\n",
       "  712.4834506001611,\n",
       "  2336.9475773529684],\n",
       " [442.00462316113624,\n",
       "  459.16390608210617,\n",
       "  182.30933937405734,\n",
       "  0,\n",
       "  339.67587510621166,\n",
       "  1034.2229770417628,\n",
       "  1274.2841761947789,\n",
       "  1461.820267253551,\n",
       "  1085.3964286095083,\n",
       "  828.5347651525292,\n",
       "  1088.799644742315,\n",
       "  800.7921523696608,\n",
       "  1429.23079321239,\n",
       "  1057.4534975740642,\n",
       "  434.86513258221487,\n",
       "  353.604571957386,\n",
       "  811.5849454597687,\n",
       "  1046.0873474988214,\n",
       "  1609.453603349388,\n",
       "  1718.6964668992894,\n",
       "  1956.7906518360983,\n",
       "  1064.8882054335609,\n",
       "  1084.9933778075103,\n",
       "  1360.69669780074,\n",
       "  1676.3357473571891,\n",
       "  2165.515281864961,\n",
       "  506.1631476150957,\n",
       "  812.0936737699249,\n",
       "  971.0169496430082,\n",
       "  547.8165978366214,\n",
       "  2202.0225784084705],\n",
       " [429.3565029787379,\n",
       "  518.794531194803,\n",
       "  370.55762794271243,\n",
       "  339.67587510621166,\n",
       "  0,\n",
       "  999.1177025456045,\n",
       "  1186.2457319785835,\n",
       "  1334.3268576034704,\n",
       "  1367.2509573206023,\n",
       "  1132.937979769644,\n",
       "  1392.527671482609,\n",
       "  1123.300331840003,\n",
       "  1758.7939670274532,\n",
       "  1396.4516625102056,\n",
       "  667.2043108566058,\n",
       "  693.0632252793995,\n",
       "  1151.2134739067112,\n",
       "  1380.2943795252916,\n",
       "  1944.665341367864,\n",
       "  2025.3572725286933,\n",
       "  2279.061139541767,\n",
       "  1321.8228695745102,\n",
       "  1287.3592988236721,\n",
       "  1638.302369205111,\n",
       "  1911.7531856931541,\n",
       "  2221.4985132387483,\n",
       "  748.0916229992882,\n",
       "  856.7617989595498,\n",
       "  976.6127627825612,\n",
       "  513.6484765424129,\n",
       "  2007.310263356546],\n",
       " [602.731451044006,\n",
       "  577.9737230343345,\n",
       "  855.3404508256024,\n",
       "  1034.2229770417628,\n",
       "  999.1177025456045,\n",
       "  0,\n",
       "  278.8286864276639,\n",
       "  508.5080555627473,\n",
       "  1162.9963474351791,\n",
       "  1133.3013638139903,\n",
       "  1289.714607453008,\n",
       "  1232.8181733570257,\n",
       "  1755.9252386155251,\n",
       "  1613.2137104097935,\n",
       "  780.2108680188015,\n",
       "  1162.5432950562,\n",
       "  1482.8966090665258,\n",
       "  1773.1347740941646,\n",
       "  2253.1473805619066,\n",
       "  2537.2280854553046,\n",
       "  2685.109130537015,\n",
       "  2035.275876230269,\n",
       "  2102.371458104627,\n",
       "  2281.15387441249,\n",
       "  2651.0938552541747,\n",
       "  3188.7055993744707,\n",
       "  1523.8632015551595,\n",
       "  1819.816873034819,\n",
       "  1959.7393867870355,\n",
       "  1498.3285640260692,\n",
       "  2928.3314684854085],\n",
       " [832.8728473984797,\n",
       "  830.4642066898779,\n",
       "  1101.4687263891128,\n",
       "  1274.2841761947789,\n",
       "  1186.2457319785835,\n",
       "  278.8286864276639,\n",
       "  0,\n",
       "  232.4042605258221,\n",
       "  1420.8153857686991,\n",
       "  1408.3059002248272,\n",
       "  1553.8620300712555,\n",
       "  1510.3492372185458,\n",
       "  2019.299299363755,\n",
       "  1890.7118217232473,\n",
       "  1054.8795605766466,\n",
       "  1431.6058669908157,\n",
       "  1761.5219145554645,\n",
       "  2051.768393762539,\n",
       "  2530.4378425896884,\n",
       "  2815.3996632880203,\n",
       "  2963.617034966647,\n",
       "  2299.552774810329,\n",
       "  2354.502114482955,\n",
       "  2552.9265805461578,\n",
       "  2916.447777405938,\n",
       "  3402.885750422658,\n",
       "  1774.0662361726559,\n",
       "  2032.6145638600512,\n",
       "  2161.800553937172,\n",
       "  1698.079211253106,\n",
       "  3023.7151813365513],\n",
       " [1020.9268018150086,\n",
       "  1033.9068194208267,\n",
       "  1295.9904171863618,\n",
       "  1461.820267253551,\n",
       "  1334.3268576034704,\n",
       "  508.5080555627473,\n",
       "  232.4042605258221,\n",
       "  0,\n",
       "  1651.128096904427,\n",
       "  1640.3671453305928,\n",
       "  1785.4634372598744,\n",
       "  1741.298489284601,\n",
       "  2250.564868064278,\n",
       "  2121.696874216902,\n",
       "  1275.2584685765282,\n",
       "  1644.252615996872,\n",
       "  1987.8891715856184,\n",
       "  2278.045144264219,\n",
       "  2761.596499901081,\n",
       "  3039.8127134294728,\n",
       "  3193.197073395804,\n",
       "  2504.5501123875815,\n",
       "  2546.607363930264,\n",
       "  2766.5873545999793,\n",
       "  3121.669818749366,\n",
       "  3555.3732464413115,\n",
       "  1966.5876195359526,\n",
       "  2190.133208599748,\n",
       "  2309.076187666646,\n",
       "  1847.6301751376545,\n",
       "  3073.681036554964],\n",
       " [1069.5653239604526,\n",
       "  958.1598297936636,\n",
       "  996.7071113591757,\n",
       "  1085.3964286095083,\n",
       "  1367.2509573206023,\n",
       "  1162.9963474351791,\n",
       "  1420.8153857686991,\n",
       "  1651.128096904427,\n",
       "  0,\n",
       "  284.8494146349911,\n",
       "  156.2072686375969,\n",
       "  393.57311285438493,\n",
       "  602.2618001381647,\n",
       "  632.1319018796042,\n",
       "  705.4032194702934,\n",
       "  824.3338683192624,\n",
       "  692.2391804395139,\n",
       "  905.0401527967163,\n",
       "  1205.327344779158,\n",
       "  1615.6306077006302,\n",
       "  1660.9583131176755,\n",
       "  1449.6133630777829,\n",
       "  1645.2473527021862,\n",
       "  1542.813079213881,\n",
       "  1968.7540008278625,\n",
       "  2901.516581651644,\n",
       "  1239.0526506784056,\n",
       "  1741.0402363020987,\n",
       "  1916.7711070194994,\n",
       "  1591.6423825992147,\n",
       "  3268.7522347158897],\n",
       " [894.9527281154762,\n",
       "  792.7104313185918,\n",
       "  766.561300165703,\n",
       "  828.5347651525292,\n",
       "  1132.937979769644,\n",
       "  1133.3013638139903,\n",
       "  1408.3059002248272,\n",
       "  1640.3671453305928,\n",
       "  284.8494146349911,\n",
       "  0,\n",
       "  260.60498417365847,\n",
       "  135.34049766907495,\n",
       "  668.5122106831864,\n",
       "  491.5178644679456,\n",
       "  503.86077161223767,\n",
       "  543.3167957195252,\n",
       "  454.7306656372949,\n",
       "  713.4345833568169,\n",
       "  1125.8863564667101,\n",
       "  1468.1227241389925,\n",
       "  1568.9927775151134,\n",
       "  1197.7198591772258,\n",
       "  1378.5993434406807,\n",
       "  1328.0894129155085,\n",
       "  1748.0479929314415,\n",
       "  2630.536592208507,\n",
       "  954.4199232562403,\n",
       "  1456.3850036346607,\n",
       "  1632.1182120121698,\n",
       "  1315.5795532421205,\n",
       "  2992.2307142671693],\n",
       " [1134.7043236409115,\n",
       "  1027.4629964931619,\n",
       "  1024.7496375591575,\n",
       "  1088.799644742315,\n",
       "  1392.527671482609,\n",
       "  1289.714607453008,\n",
       "  1553.8620300712555,\n",
       "  1785.4634372598744,\n",
       "  156.2072686375969,\n",
       "  260.60498417365847,\n",
       "  0,\n",
       "  319.6552954025798,\n",
       "  466.2112575780679,\n",
       "  484.46347349128615,\n",
       "  751.1894309000598,\n",
       "  791.7765574321937,\n",
       "  578.5606896059928,\n",
       "  765.3836627200229,\n",
       "  1049.25881510176,\n",
       "  1462.3247953646598,\n",
       "  1504.8137371456446,\n",
       "  1333.43919941466,\n",
       "  1541.1490095835823,\n",
       "  1406.0226433052192,\n",
       "  1832.8145357666176,\n",
       "  2798.9727918871063,\n",
       "  1176.381624726191,\n",
       "  1685.8316879372728,\n",
       "  1861.0440432391142,\n",
       "  1566.3874715059892,\n",
       "  3240.4343362148484],\n",
       " [934.8079540558314,\n",
       "  841.0942019320173,\n",
       "  768.90051033804,\n",
       "  800.7921523696608,\n",
       "  1123.300331840003,\n",
       "  1232.8181733570257,\n",
       "  1510.3492372185458,\n",
       "  1741.298489284601,\n",
       "  393.57311285438493,\n",
       "  135.34049766907495,\n",
       "  319.6552954025798,\n",
       "  0,\n",
       "  638.9565879062236,\n",
       "  380.3984975619657,\n",
       "  542.8073113848221,\n",
       "  480.0316164738815,\n",
       "  319.46774621148154,\n",
       "  581.5265261776163,\n",
       "  1020.3548919489349,\n",
       "  1341.1681613105761,\n",
       "  1455.8211543505688,\n",
       "  1066.3927043244714,\n",
       "  1253.6112275948904,\n",
       "  1192.7670288930917,\n",
       "  1612.7982669440744,\n",
       "  2508.687062038125,\n",
       "  857.6715351583329,\n",
       "  1366.3717435032809,\n",
       "  1541.6849299653352,\n",
       "  1252.7130437886299,\n",
       "  2923.609079281971],\n",
       " [1561.837633649384,\n",
       "  1461.0304758488774,\n",
       "  1407.8269817720554,\n",
       "  1429.23079321239,\n",
       "  1758.7939670274532,\n",
       "  1755.9252386155251,\n",
       "  2019.299299363755,\n",
       "  2250.564868064278,\n",
       "  602.2618001381647,\n",
       "  668.5122106831864,\n",
       "  466.2112575780679,\n",
       "  638.9565879062236,\n",
       "  0,\n",
       "  443.92005075809845,\n",
       "  1168.9470753117605,\n",
       "  1086.9802246471081,\n",
       "  691.572895935062,\n",
       "  691.2128848501054,\n",
       "  693.8157125612564,\n",
       "  1182.1358058998692,\n",
       "  1136.8866593200078,\n",
       "  1316.3809188753028,\n",
       "  1562.5053276170995,\n",
       "  1272.9923998129455,\n",
       "  1684.0048005288656,\n",
       "  2785.917444412686,\n",
       "  1362.5506455763405,\n",
       "  1864.3861413278921,\n",
       "  2031.5435156873402,\n",
       "  1826.7463954887253,\n",
       "  3458.486905060809],\n",
       " [1281.619953122779,\n",
       "  1197.7182212473645,\n",
       "  1076.2535498112977,\n",
       "  1057.4534975740642,\n",
       "  1396.4516625102056,\n",
       "  1613.2137104097935,\n",
       "  1890.7118217232473,\n",
       "  2121.696874216902,\n",
       "  632.1319018796042,\n",
       "  491.5178644679456,\n",
       "  484.46347349128615,\n",
       "  380.3984975619657,\n",
       "  443.92005075809845,\n",
       "  0,\n",
       "  900.1634634798471,\n",
       "  703.9824506077152,\n",
       "  260.226283186478,\n",
       "  291.3125672652751,\n",
       "  640.0160376916767,\n",
       "  989.2162890423654,\n",
       "  1077.8589398102324,\n",
       "  903.7065589035616,\n",
       "  1138.4061229781046,\n",
       "  929.6144994958736,\n",
       "  1356.0605417743977,\n",
       "  2382.5395190973827,\n",
       "  923.6154588213053,\n",
       "  1421.5154098210971,\n",
       "  1587.9109825701748,\n",
       "  1401.0551314324064,\n",
       "  3016.746481351518],\n",
       " [393.3107227738675,\n",
       "  298.88166124208476,\n",
       "  300.6590733561565,\n",
       "  434.86513258221487,\n",
       "  667.2043108566058,\n",
       "  780.2108680188015,\n",
       "  1054.8795605766466,\n",
       "  1275.2584685765282,\n",
       "  705.4032194702934,\n",
       "  503.86077161223767,\n",
       "  751.1894309000598,\n",
       "  542.8073113848221,\n",
       "  1168.9470753117605,\n",
       "  900.1634634798471,\n",
       "  0,\n",
       "  392.5204936838741,\n",
       "  723.1310612797062,\n",
       "  1010.5951809118479,\n",
       "  1528.8014507594546,\n",
       "  1766.2159972768595,\n",
       "  1938.6024993569988,\n",
       "  1267.8647566635511,\n",
       "  1364.6571877949539,\n",
       "  1501.7375893784729,\n",
       "  1879.4409348989252,\n",
       "  2538.280861128246,\n",
       "  808.7082577596036,\n",
       "  1221.5667198657711,\n",
       "  1388.6127805875271,\n",
       "  981.9460194724486,\n",
       "  2631.23360960895],\n",
       " [661.2884392440423,\n",
       "  615.4743772424517,\n",
       "  404.39421094896716,\n",
       "  353.604571957386,\n",
       "  693.0632252793995,\n",
       "  1162.5432950562,\n",
       "  1431.6058669908157,\n",
       "  1644.252615996872,\n",
       "  824.3338683192624,\n",
       "  543.3167957195252,\n",
       "  791.7765574321937,\n",
       "  480.0316164738815,\n",
       "  1086.9802246471081,\n",
       "  703.9824506077152,\n",
       "  392.5204936838741,\n",
       "  0,\n",
       "  459.5051584887634,\n",
       "  709.6860359046356,\n",
       "  1267.4893855732485,\n",
       "  1425.5032886660163,\n",
       "  1636.2312470092866,\n",
       "  876.0473392736761,\n",
       "  977.0158182618349,\n",
       "  1122.3434728621858,\n",
       "  1489.5862205574508,\n",
       "  2178.5177658397774,\n",
       "  447.5775216545331,\n",
       "  924.3005053722811,\n",
       "  1099.3789493946733,\n",
       "  774.6110799845878,\n",
       "  2449.738179960444],\n",
       " [1080.6001296488946,\n",
       "  1009.362964107452,\n",
       "  851.1812494544364,\n",
       "  811.5849454597687,\n",
       "  1151.2134739067112,\n",
       "  1482.8966090665258,\n",
       "  1761.5219145554645,\n",
       "  1987.8891715856184,\n",
       "  692.2391804395139,\n",
       "  454.7306656372949,\n",
       "  578.5606896059928,\n",
       "  319.46774621148154,\n",
       "  691.572895935062,\n",
       "  260.226283186478,\n",
       "  723.1310612797062,\n",
       "  459.5051584887634,\n",
       "  0,\n",
       "  290.2468856073599,\n",
       "  817.8664460895096,\n",
       "  1055.9461175965855,\n",
       "  1215.634813564271,\n",
       "  757.660983920209,\n",
       "  963.1127911207577,\n",
       "  874.0214927024452,\n",
       "  1293.3315652532995,\n",
       "  2220.73810545531,\n",
       "  671.282852105417,\n",
       "  1176.6687896356652,\n",
       "  1346.5172902117936,\n",
       "  1141.4685202941828,\n",
       "  2768.0315487848757],\n",
       " [1356.8469453632324,\n",
       "  1291.7040014607269,\n",
       "  1113.1406818221026,\n",
       "  1046.0873474988214,\n",
       "  1380.2943795252916,\n",
       "  1773.1347740941646,\n",
       "  2051.768393762539,\n",
       "  2278.045144264219,\n",
       "  905.0401527967163,\n",
       "  713.4345833568169,\n",
       "  765.3836627200229,\n",
       "  581.5265261776163,\n",
       "  691.2128848501054,\n",
       "  291.3125672652751,\n",
       "  1010.5951809118479,\n",
       "  709.6860359046356,\n",
       "  290.2468856073599,\n",
       "  0,\n",
       "  564.540869867784,\n",
       "  766.9865390876977,\n",
       "  932.2476829285642,\n",
       "  625.8579789215297,\n",
       "  871.6419401357896,\n",
       "  641.0268697472063,\n",
       "  1067.9052280679819,\n",
       "  2101.0823974338227,\n",
       "  774.8203619546824,\n",
       "  1233.6558237408778,\n",
       "  1389.1849633582922,\n",
       "  1278.143029343845,\n",
       "  2824.75466415526],\n",
       " [1897.4689904747074,\n",
       "  1822.0723869218775,\n",
       "  1667.0462673644324,\n",
       "  1609.453603349388,\n",
       "  1944.665341367864,\n",
       "  2253.1473805619066,\n",
       "  2530.4378425896884,\n",
       "  2761.596499901081,\n",
       "  1205.327344779158,\n",
       "  1125.8863564667101,\n",
       "  1049.25881510176,\n",
       "  1020.3548919489349,\n",
       "  693.8157125612564,\n",
       "  640.0160376916767,\n",
       "  1528.8014507594546,\n",
       "  1267.4893855732485,\n",
       "  817.8664460895096,\n",
       "  564.540869867784,\n",
       "  0,\n",
       "  513.1682544032305,\n",
       "  455.9609190212878,\n",
       "  975.4147009309702,\n",
       "  1229.1424592511773,\n",
       "  772.1271341076076,\n",
       "  1111.0259858093193,\n",
       "  2308.3690448299967,\n",
       "  1313.1172613134856,\n",
       "  1720.877675853408,\n",
       "  1857.199525632656,\n",
       "  1817.9635738274371,\n",
       "  3274.433296733958],\n",
       " [2086.763451422624,\n",
       "  2034.3619844878785,\n",
       "  1824.1603209398122,\n",
       "  1718.6964668992894,\n",
       "  2025.3572725286933,\n",
       "  2537.2280854553046,\n",
       "  2815.3996632880203,\n",
       "  3039.8127134294728,\n",
       "  1615.6306077006302,\n",
       "  1468.1227241389925,\n",
       "  1462.3247953646598,\n",
       "  1341.1681613105761,\n",
       "  1182.1358058998692,\n",
       "  989.2162890423654,\n",
       "  1766.2159972768595,\n",
       "  1425.5032886660163,\n",
       "  1055.9461175965855,\n",
       "  766.9865390876977,\n",
       "  513.1682544032305,\n",
       "  0,\n",
       "  343.80917563282725,\n",
       "  786.1877009517805,\n",
       "  989.1243108635267,\n",
       "  466.1296513459508,\n",
       "  651.3078845899553,\n",
       "  1873.479928829915,\n",
       "  1299.2056093485694,\n",
       "  1576.09178811828,\n",
       "  1675.0441606482948,\n",
       "  1767.499961788984,\n",
       "  3017.6157836784105],\n",
       " [2288.865887714165,\n",
       "  2223.460394411054,\n",
       "  2040.6067273112758,\n",
       "  1956.7906518360983,\n",
       "  2279.061139541767,\n",
       "  2685.109130537015,\n",
       "  2963.617034966647,\n",
       "  3193.197073395804,\n",
       "  1660.9583131176755,\n",
       "  1568.9927775151134,\n",
       "  1504.8137371456446,\n",
       "  1455.8211543505688,\n",
       "  1136.8866593200078,\n",
       "  1077.8589398102324,\n",
       "  1938.6024993569988,\n",
       "  1636.2312470092866,\n",
       "  1215.634813564271,\n",
       "  932.2476829285642,\n",
       "  455.9609190212878,\n",
       "  343.80917563282725,\n",
       "  0,\n",
       "  1108.4305099969963,\n",
       "  1325.3590609185749,\n",
       "  802.7847037195108,\n",
       "  972.9230383970558,\n",
       "  2190.46414046888,\n",
       "  1580.7831134894275,\n",
       "  1899.7975517847883,\n",
       "  2007.056676136048,\n",
       "  2067.3607283083834,\n",
       "  3360.934935883447],\n",
       " [1490.2754307520847,\n",
       "  1471.0475360680223,\n",
       "  1213.1394416903331,\n",
       "  1064.8882054335609,\n",
       "  1321.8228695745102,\n",
       "  2035.275876230269,\n",
       "  2299.552774810329,\n",
       "  2504.5501123875815,\n",
       "  1449.6133630777829,\n",
       "  1197.7198591772258,\n",
       "  1333.43919941466,\n",
       "  1066.3927043244714,\n",
       "  1316.3809188753028,\n",
       "  903.7065589035616,\n",
       "  1267.8647566635511,\n",
       "  876.0473392736761,\n",
       "  757.660983920209,\n",
       "  625.8579789215297,\n",
       "  975.4147009309702,\n",
       "  786.1877009517805,\n",
       "  1108.4305099969963,\n",
       "  0,\n",
       "  258.15235218705106,\n",
       "  333.70206295123955,\n",
       "  617.1657971226523,\n",
       "  1478.8710460815323,\n",
       "  574.166774362219,\n",
       "  791.6522843355137,\n",
       "  902.6566947228167,\n",
       "  993.0943003897655,\n",
       "  2300.6622118023874],\n",
       " [1525.8598379419798,\n",
       "  1525.9833185373084,\n",
       "  1253.1376258365683,\n",
       "  1084.9933778075103,\n",
       "  1287.3592988236721,\n",
       "  2102.371458104627,\n",
       "  2354.502114482955,\n",
       "  2546.607363930264,\n",
       "  1645.2473527021862,\n",
       "  1378.5993434406807,\n",
       "  1541.1490095835823,\n",
       "  1253.6112275948904,\n",
       "  1562.5053276170995,\n",
       "  1138.4061229781046,\n",
       "  1364.6571877949539,\n",
       "  977.0158182618349,\n",
       "  963.1127911207577,\n",
       "  871.6419401357896,\n",
       "  1229.1424592511773,\n",
       "  989.1243108635267,\n",
       "  1325.3590609185749,\n",
       "  258.15235218705106,\n",
       "  0,\n",
       "  523.2769283987157,\n",
       "  637.3956714558586,\n",
       "  1257.846160572661,\n",
       "  580.5469720792664,\n",
       "  610.1170864540036,\n",
       "  688.211359479329,\n",
       "  878.8072090835312,\n",
       "  2053.497205949572],\n",
       " [1768.2269236508714,\n",
       "  1735.4961888818657,\n",
       "  1493.5924472893796,\n",
       "  1360.69669780074,\n",
       "  1638.302369205111,\n",
       "  2281.15387441249,\n",
       "  2552.9265805461578,\n",
       "  2766.5873545999793,\n",
       "  1542.813079213881,\n",
       "  1328.0894129155085,\n",
       "  1406.0226433052192,\n",
       "  1192.7670288930917,\n",
       "  1272.9923998129455,\n",
       "  929.6144994958736,\n",
       "  1501.7375893784729,\n",
       "  1122.3434728621858,\n",
       "  874.0214927024452,\n",
       "  641.0268697472063,\n",
       "  772.1271341076076,\n",
       "  466.1296513459508,\n",
       "  802.7847037195108,\n",
       "  333.70206295123955,\n",
       "  523.2769283987157,\n",
       "  0,\n",
       "  426.8793021394188,\n",
       "  1545.4242815385126,\n",
       "  891.9117821589169,\n",
       "  1113.854280523094,\n",
       "  1209.024777686321,\n",
       "  1326.7786721735908,\n",
       "  2563.753515618729],\n",
       " [2106.21364177355,\n",
       "  2088.2126737929634,\n",
       "  1829.0914450608418,\n",
       "  1676.3357473571891,\n",
       "  1911.7531856931541,\n",
       "  2651.0938552541747,\n",
       "  2916.447777405938,\n",
       "  3121.669818749366,\n",
       "  1968.7540008278625,\n",
       "  1748.0479929314415,\n",
       "  1832.8145357666176,\n",
       "  1612.7982669440744,\n",
       "  1684.0048005288656,\n",
       "  1356.0605417743977,\n",
       "  1879.4409348989252,\n",
       "  1489.5862205574508,\n",
       "  1293.3315652532995,\n",
       "  1067.9052280679819,\n",
       "  1111.0259858093193,\n",
       "  651.3078845899553,\n",
       "  972.9230383970558,\n",
       "  617.1657971226523,\n",
       "  637.3956714558586,\n",
       "  426.8793021394188,\n",
       "  0,\n",
       "  1222.272413686258,\n",
       "  1175.1346921149839,\n",
       "  1227.6823579859868,\n",
       "  1266.1776674816251,\n",
       "  1515.7620717280308,\n",
       "  2464.7967170525435],\n",
       " [2585.9741606641915,\n",
       "  2623.0746828965866,\n",
       "  2347.8245980089773,\n",
       "  2165.515281864961,\n",
       "  2221.4985132387483,\n",
       "  3188.7055993744707,\n",
       "  3402.885750422658,\n",
       "  3555.3732464413115,\n",
       "  2901.516581651644,\n",
       "  2630.536592208507,\n",
       "  2798.9727918871063,\n",
       "  2508.687062038125,\n",
       "  2785.917444412686,\n",
       "  2382.5395190973827,\n",
       "  2538.280861128246,\n",
       "  2178.5177658397774,\n",
       "  2220.73810545531,\n",
       "  2101.0823974338227,\n",
       "  2308.3690448299967,\n",
       "  1873.479928829915,\n",
       "  2190.46414046888,\n",
       "  1478.8710460815323,\n",
       "  1257.846160572661,\n",
       "  1545.4242815385126,\n",
       "  1222.272413686258,\n",
       "  0,\n",
       "  1733.998259234509,\n",
       "  1370.6271603965777,\n",
       "  1246.8835671478096,\n",
       "  1707.8864691962012,\n",
       "  1601.787315820523],\n",
       " [945.6727346837374,\n",
       "  946.4848532067585,\n",
       "  672.6263424473244,\n",
       "  506.1631476150957,\n",
       "  748.0916229992882,\n",
       "  1523.8632015551595,\n",
       "  1774.0662361726559,\n",
       "  1966.5876195359526,\n",
       "  1239.0526506784056,\n",
       "  954.4199232562403,\n",
       "  1176.381624726191,\n",
       "  857.6715351583329,\n",
       "  1362.5506455763405,\n",
       "  923.6154588213053,\n",
       "  808.7082577596036,\n",
       "  447.5775216545331,\n",
       "  671.282852105417,\n",
       "  774.8203619546824,\n",
       "  1313.1172613134856,\n",
       "  1299.2056093485694,\n",
       "  1580.7831134894275,\n",
       "  574.166774362219,\n",
       "  580.5469720792664,\n",
       "  891.9117821589169,\n",
       "  1175.1346921149839,\n",
       "  1733.998259234509,\n",
       "  0,\n",
       "  511.68651135326434,\n",
       "  685.7626088145499,\n",
       "  505.37764607706697,\n",
       "  2096.9376449463434],\n",
       " [1217.4747106692964,\n",
       "  1261.6110320461842,\n",
       "  992.3985725687161,\n",
       "  812.0936737699249,\n",
       "  856.7617989595498,\n",
       "  1819.816873034819,\n",
       "  2032.6145638600512,\n",
       "  2190.133208599748,\n",
       "  1741.0402363020987,\n",
       "  1456.3850036346607,\n",
       "  1685.8316879372728,\n",
       "  1366.3717435032809,\n",
       "  1864.3861413278921,\n",
       "  1421.5154098210971,\n",
       "  1221.5667198657711,\n",
       "  924.3005053722811,\n",
       "  1176.6687896356652,\n",
       "  1233.6558237408778,\n",
       "  1720.877675853408,\n",
       "  1576.09178811828,\n",
       "  1899.7975517847883,\n",
       "  791.6522843355137,\n",
       "  610.1170864540036,\n",
       "  1113.854280523094,\n",
       "  1227.6823579859868,\n",
       "  1370.6271603965777,\n",
       "  511.68651135326434,\n",
       "  0,\n",
       "  175.73331218600737,\n",
       "  349.85409303046697,\n",
       "  1596.17700799764],\n",
       " [1360.2395377130836,\n",
       "  1412.0455993724213,\n",
       "  1148.5814330772128,\n",
       "  971.0169496430082,\n",
       "  976.6127627825612,\n",
       "  1959.7393867870355,\n",
       "  2161.800553937172,\n",
       "  2309.076187666646,\n",
       "  1916.7711070194994,\n",
       "  1632.1182120121698,\n",
       "  1861.0440432391142,\n",
       "  1541.6849299653352,\n",
       "  2031.5435156873402,\n",
       "  1587.9109825701748,\n",
       "  1388.6127805875271,\n",
       "  1099.3789493946733,\n",
       "  1346.5172902117936,\n",
       "  1389.1849633582922,\n",
       "  1857.199525632656,\n",
       "  1675.0441606482948,\n",
       "  2007.056676136048,\n",
       "  902.6566947228167,\n",
       "  688.211359479329,\n",
       "  1209.024777686321,\n",
       "  1266.1776674816251,\n",
       "  1246.8835671478096,\n",
       "  685.7626088145499,\n",
       "  175.73331218600737,\n",
       "  0,\n",
       "  463.7362493102035,\n",
       "  1435.620704385084],\n",
       " [902.0781445759332,\n",
       "  961.9296704906571,\n",
       "  712.4834506001611,\n",
       "  547.8165978366214,\n",
       "  513.6484765424129,\n",
       "  1498.3285640260692,\n",
       "  1698.079211253106,\n",
       "  1847.6301751376545,\n",
       "  1591.6423825992147,\n",
       "  1315.5795532421205,\n",
       "  1566.3874715059892,\n",
       "  1252.7130437886299,\n",
       "  1826.7463954887253,\n",
       "  1401.0551314324064,\n",
       "  981.9460194724486,\n",
       "  774.6110799845878,\n",
       "  1141.4685202941828,\n",
       "  1278.143029343845,\n",
       "  1817.9635738274371,\n",
       "  1767.499961788984,\n",
       "  2067.3607283083834,\n",
       "  993.0943003897655,\n",
       "  878.8072090835312,\n",
       "  1326.7786721735908,\n",
       "  1515.7620717280308,\n",
       "  1707.8864691962012,\n",
       "  505.37764607706697,\n",
       "  349.85409303046697,\n",
       "  463.7362493102035,\n",
       "  0,\n",
       "  1677.1682594131785],\n",
       " [2430.9206436906957,\n",
       "  2525.91304547092,\n",
       "  2336.9475773529684,\n",
       "  2202.0225784084705,\n",
       "  2007.310263356546,\n",
       "  2928.3314684854085,\n",
       "  3023.7151813365513,\n",
       "  3073.681036554964,\n",
       "  3268.7522347158897,\n",
       "  2992.2307142671693,\n",
       "  3240.4343362148484,\n",
       "  2923.609079281971,\n",
       "  3458.486905060809,\n",
       "  3016.746481351518,\n",
       "  2631.23360960895,\n",
       "  2449.738179960444,\n",
       "  2768.0315487848757,\n",
       "  2824.75466415526,\n",
       "  3274.433296733958,\n",
       "  3017.6157836784105,\n",
       "  3360.934935883447,\n",
       "  2300.6622118023874,\n",
       "  2053.497205949572,\n",
       "  2563.753515618729,\n",
       "  2464.7967170525435,\n",
       "  1601.787315820523,\n",
       "  2096.9376449463434,\n",
       "  1596.17700799764,\n",
       "  1435.620704385084,\n",
       "  1677.1682594131785,\n",
       "  0]]"
      ]
     },
     "execution_count": 9,
     "metadata": {},
     "output_type": "execute_result"
    }
   ],
   "source": [
    "distance_matrix"
   ]
  },
  {
   "cell_type": "code",
   "execution_count": 10,
   "id": "f7408272-7651-4d08-b6c9-5ca91f45e5ba",
   "metadata": {
    "scrolled": true
   },
   "outputs": [
    {
     "name": "stdout",
     "output_type": "stream",
     "text": [
